[gd_scene load_steps=8 format=2]

[ext_resource path="res://meshes/meshes0.meshlib" type="MeshLibrary" id=1]
[ext_resource path="res://scripts/basic_scene.gd" type="Script" id=2]
[ext_resource path="res://custom_env.tres" type="Environment" id=3]
[ext_resource path="res://prefabs/player.tscn" type="PackedScene" id=4]

[sub_resource type="PlaneMesh" id=1]
size = Vector2( 200, 200 )

[sub_resource type="SpatialMaterial" id=2]
flags_transparent = true
albedo_color = Color( 0.109804, 0.662745, 0.905882, 0.741176 )

[sub_resource type="CapsuleMesh" id=3]

[node name="scene0" type="Spatial"]
script = ExtResource( 2 )

[node name="GridMap" type="GridMap" parent="."]
mesh_library = ExtResource( 1 )
data = {
"cells": PoolIntArray( 1, 1, 2, 2, 1, -1610612734, 3, 1, 536870914, 4, 1, 0, 5, 1, 2, 6, 1, 2, 7, 1, 2, 8, 1, -1610612735, 1, 2, -1610612734, 2, 2, 536870914, 4, 2, 2, 7, 2, 2, 2, 3, 2, 4, 3, 536870914, 7, 3, 2, 2, 4, 2, 3, 4, 2, 4, 4, 2, 5, 4, 536870914, 6, 4, 536870912, 7, 4, 536870914, 2, 5, 536870913 )
}
__meta__ = {
"_editor_clip_": 0
}

[node name="player" parent="." instance=ExtResource( 4 )]
transform = Transform( 1, 0, 0, 0, 1, 0, 0, 0, 1, 3, 3, 4 )

[node name="water" type="MeshInstance" parent="."]
transform = Transform( 1, 0, 0, 0, 1, 0, 0, 0, 1, 0, 2, 0 )
visible = false
mesh = SubResource( 1 )
material/0 = SubResource( 2 )
__meta__ = {
"_edit_lock_": true
}

[node name="cam" type="Spatial" parent="."]
transform = Transform( 0.707107, 0, -0.707107, 0, 1, 0, 0.707107, 0, 0.707107, 9, 2, 7 )

[node name="target" type="MeshInstance" parent="cam"]
transform = Transform( 1, 0, 0, 0, -4.37114e-08, -1, 0, 1, -4.37114e-08, 0, 0, 0 )
mesh = SubResource( 3 )
material/0 = null

[node name="Camera" type="Camera" parent="cam"]
transform = Transform( -1, -6.18172e-08, 6.18172e-08, 0, 0.707107, 0.707107, -8.74228e-08, 0.707107, -0.707107, 0, 12, -12 )
environment = ExtResource( 3 )
projection = 1
size = 30.0

[node name="Timer" type="Timer" parent="."]
wait_time = 0.5
autostart = true

[node name="DirectionalLight" type="DirectionalLight" parent="."]
transform = Transform( -0.25, 0.866025, -0.433013, 0.433013, 0.5, 0.75, 0.866025, -1.69375e-08, -0.5, 0, 15, 0 )

[connection signal="timeout" from="Timer" to="." method="_on_Timer_timeout"]
